1.000000 1.thread: 0; start_row: 1; end_row: 5
thread: 1; start_row: 5; end_row: 10
FAIL solution doesn't match synchronous implementation
async impl result:
1.000000 1.000000 1.000000 1.000000 1.000000 1.000000 1.000000 1.000000 1.000000 1.000000 
1.000000 0.887487 0.808093 0.759975 0.730593 0.708797 0.679808 0.618198 0.458506 0.000000 
1.000000 0.749332 0.600312 0.519249 0.474928 0.444105 0.409169 0.346629 0.222140 0.000000 
1.000000 0.521477 0.344046 0.269785 0.233868 0.212073 0.189618 0.154150 0.092496 0.000000 
1.000000 0.000000 0.000000 0.000000 0.000000 0.000000 0.000000 0.000000 0.000000 0.000000 
1.000000 0.449344 0.215661 0.104185 0.048637 0.021343 0.008607 0.003124 0.000944 0.000000 
1.000000 0.586277 0.316887 0.161265 0.077040 0.034149 0.013844 0.005032 0.001524 0.000000 
1.000000 0.586277 0.316887 0.161265 0.077040 0.034149 0.013844 0.005032 0.001524 0.000000 
1.000000 0.449344 0.215661 0.104185 0.048637 0.021343 0.008607 0.003124 0.000944 0.000000 
1.000000 0.000000 0.000000 0.000000 0.000000 0.000000 0.000000 0.000000 0.000000 0.000000 

sync impl result
1.000000 1.000000 1.000000 1.000000 1.000000 1.000000 1.000000 1.000000 1.000000 1.000000 
1.000000 0.953414 0.909445 0.869637 0.833224 0.796197 0.748335 0.665423 0.482658 0.000000 
1.000000 0.909445 0.824526 0.748498 0.681020 0.616507 0.542981 0.438778 0.269402 0.000000 
1.000000 0.869637 0.748498 0.642309 0.551285 0.470350 0.388935 0.292090 0.163889 0.000000 
1.000000 0.833224 0.681020 0.551285 0.444816 0.356434 0.277098 0.195986 0.104004 0.000000 
1.000000 0.796197 0.616507 0.470350 0.356434 0.268052 0.196162 0.131473 0.066977 0.000000 
1.000000 0.748335 0.542981 0.388935 0.277098 0.196162 0.135560 0.086573 0.042587 0.000000 
1.000000 0.665423 0.438778 0.292090 0.195986 0.131473 0.086573 0.053029 0.025380 0.000000 
1.000000 0.482658 0.269402 0.163889 0.104004 0.066977 0.042587 0.025380 0.011902 0.000000 
1.000000 0.000000 0.000000 0.000000 0.000000 0.000000 0.000000 0.000000 0.000000 0.000000 
