1.000000 1.thread: 0; start_row: 1; end_row: 5
thread: 1; start_row: 5; end_row: 10
FAIL solution doesn't match synchronous implementation
async impl result:
1.000000 1.000000 1.000000 1.000000 1.000000 1.000000 1.000000 1.000000 1.000000 1.000000 
1.000000 0.955328 0.912933 0.873942 0.837793 0.800337 0.751732 0.667775 0.483864 0.000000 
1.000000 0.913514 0.831621 0.757393 0.690052 0.624759 0.549542 0.443330 0.271705 0.000000 
1.000000 0.876333 0.760214 0.656209 0.565302 0.482543 0.398548 0.298566 0.167148 0.000000 
1.000000 0.844271 0.699239 0.572292 0.464645 0.373207 0.289671 0.204288 0.108084 0.000000 
1.000000 0.815234 0.646310 0.502028 0.384789 0.290410 0.212259 0.141632 0.071866 0.000000 
1.000000 0.784552 0.593904 0.438576 0.317772 0.226334 0.155955 0.098953 0.048365 0.000000 
1.000000 0.741414 0.529687 0.370052 0.254400 0.171641 0.112392 0.068039 0.032228 0.000000 
1.000000 0.661824 0.431725 0.282208 0.183918 0.118625 0.074358 0.043434 0.020014 0.000000 
1.000000 0.481148 0.266508 0.159725 0.099007 0.061551 0.037515 0.021350 0.009684 0.000000 

sync impl result
1.000000 1.000000 1.000000 1.000000 1.000000 1.000000 1.000000 1.000000 1.000000 1.000000 
1.000000 0.953414 0.909445 0.869637 0.833224 0.796197 0.748335 0.665423 0.482658 0.000000 
1.000000 0.909445 0.824526 0.748498 0.681020 0.616507 0.542981 0.438778 0.269402 0.000000 
1.000000 0.869637 0.748498 0.642309 0.551285 0.470350 0.388935 0.292090 0.163889 0.000000 
1.000000 0.833224 0.681020 0.551285 0.444816 0.356434 0.277098 0.195986 0.104004 0.000000 
1.000000 0.796197 0.616507 0.470350 0.356434 0.268052 0.196162 0.131473 0.066977 0.000000 
1.000000 0.748335 0.542981 0.388935 0.277098 0.196162 0.135560 0.086573 0.042587 0.000000 
1.000000 0.665423 0.438778 0.292090 0.195986 0.131473 0.086573 0.053029 0.025380 0.000000 
1.000000 0.482658 0.269402 0.163889 0.104004 0.066977 0.042587 0.025380 0.011902 0.000000 
1.000000 0.000000 0.000000 0.000000 0.000000 0.000000 0.000000 0.000000 0.000000 0.000000 
